0.105263
0.10506887376594911676	0.10506887376594913064	-1.3877787807814456755e-17
0.10506887376594911676	0.10506887376594913064	-1.3877787807814456755e-17
0.10506887376594911676	0.10500746123240020657	6.1412533548910186454e-05
0.10506887376594911676	0.10506887376594913064	-1.3877787807814456755e-17
0.10506887376594911676	0.10506887376594913064	-1.3877787807814456755e-17
0.15789473684210525439
0.157239481861750241	0.15723948186175021324	2.7755575615628913511e-17
0.157239481861750241	0.15723948186175021324	2.7755575615628913511e-17
0.157239481861750241	0.15710057801609805805	0.00013890384565218294455
0.157239481861750241	0.15723948186175021324	2.7755575615628913511e-17
0.157239481861750241	0.15723948186175021324	2.7755575615628913511e-17
0.21052631578947367252
0.20897462406278546898	0.20897462406278549674	-2.7755575615628913511e-17
0.20897462406278546898	0.20897462406278549674	-2.7755575615628913511e-17
0.20897462406278546898	0.20875747900803104384	0.00021714505475442513749
0.20897462406278546898	0.20897462406278549674	-2.7755575615628913511e-17
0.20897462406278546898	0.20897462406278549674	-2.7755575615628913511e-17
0.26315789473684209065
0.26013102280465011384	0.26013102280465022487	-1.1102230246251565404e-16
0.26013102280465011384	0.26013102280465022487	-1.1102230246251565404e-16
0.26013102280465011384	0.25983994624426853814	0.00029107656038157569967
0.26013102280465011384	0.26013102280465022487	-1.1102230246251565404e-16
0.26013102280465011384	0.26013102280465022487	-1.1102230246251565404e-16
0.31578947368421050879
0.31056700332037490142	0.31056700332037484591	5.5511151231257827021e-17
0.31056700332037490142	0.31056700332037484591	5.5511151231257827021e-17
0.31056700332037490142	0.31020785788038091058	0.00035914543999399084484
0.31056700332037490142	0.31056700332037484591	5.5511151231257827021e-17
0.31056700332037490142	0.31056700332037484591	5.5511151231257827021e-17
0.36842105263157892692
0.36014288600071908686	0.36014288600071914237	-5.5511151231257827021e-17
0.36014288600071908686	0.36014288600071914237	-5.5511151231257827021e-17
0.36014288600071908686	0.35972189691633976727	0.00042098908437931958915
0.36014288600071908686	0.36014288600071914237	-5.5511151231257827021e-17
0.36014288600071908686	0.36014288600071914237	-5.5511151231257827021e-17
0.42105263157894734505
0.4087213732289861623	0.40872137322898621781	-5.5511151231257827021e-17
0.4087213732289861623	0.40872137322898621781	-5.5511151231257827021e-17
0.4087213732289861623	0.40824473060832344729	0.00047664262066271501084
0.4087213732289861623	0.40872137322898621781	-5.5511151231257827021e-17
0.4087213732289861623	0.40872137322898621781	-5.5511151231257827021e-17
0.47368421052631576318
0.4561679296190456756	0.4561679296190456756	0
0.4561679296190456756	0.4561679296190456756	0
0.4561679296190456756	0.45564166112953186083	0.00052626848951381477448
0.4561679296190456756	0.4561679296190456756	0
0.4561679296190456756	0.4561679296190456756	0
0.52631578947368418131
0.50235115460351253969	0.50235115460351265071	-1.1102230246251565404e-16
0.50235115460351253969	0.50235115460351265071	-1.1102230246251565404e-16
0.50235115460351253969	0.50178108971983614861	0.00057006488367639107651
0.50235115460351253969	0.50235115460351265071	-1.1102230246251565404e-16
0.50235115460351253969	0.50235115460351265071	-1.1102230246251565404e-16
0.57894736842105265495
0.54714314634022298556	0.54714314634022298556	0
0.54714314634022298556	0.54714314634022298556	0
0.54714314634022298556	0.54653491094608264156	0.00060823539414034399897
0.54714314634022298556	0.54714314634022298556	0
0.54714314634022298556	0.54714314634022298556	0
0.63157894736842101757
0.59041985592918644343	0.59041985592918655446	-1.1102230246251565404e-16
0.59041985592918644343	0.59041985592918655446	-1.1102230246251565404e-16
0.59041985592918644343	0.58977887638380610547	0.00064097954538033796723
0.59041985592918644343	0.59041985592918655446	-1.1102230246251565404e-16
0.59041985592918644343	0.59041985592918655446	-1.1102230246251565404e-16
0.68421052631578938019
0.6320614309590333324	0.63206143095903322138	1.1102230246251565404e-16
0.6320614309590333324	0.63206143095903322138	1.1102230246251565404e-16
0.6320614309590333324	0.63139294055251682369	0.00066849040651650870615
0.6320614309590333324	0.63206143095903322138	1.1102230246251565404e-16
0.6320614309590333324	0.63206143095903322138	1.1102230246251565404e-16
0.73684210526315785383
0.67195254743152132981	0.67195254743152132981	0
0.67195254743152132981	0.67195254743152132981	0
0.67195254743152132981	0.67126159288222375654	0.00069095454929757327278
0.67195254743152132981	0.67195254743152132981	0
0.67195254743152132981	0.67195254743152132981	0
0.78947368421052632748
0.7099827291448581601	0.70998272914485804908	1.1102230246251565404e-16
0.7099827291448581601	0.70998272914485804908	1.1102230246251565404e-16
0.7099827291448581601	0.70927417640790424436	0.00070855273695391574051
0.7099827291448581601	0.70998272914485804908	1.1102230246251565404e-16
0.7099827291448581601	0.70998272914485804908	1.1102230246251565404e-16
0.8421052631578946901
0.74604665365132338817	0.74604665365132338817	0
0.74604665365132338817	0.74604665365132338817	0
0.74604665365132338817	0.74532519285673048959	0.00072146079459289857994
0.74604665365132338817	0.74604665365132338817	0
0.74604665365132338817	0.74604665365132338817	0
0.89473684210526305272
0.78004444394186067679	0.78004444394186056577	1.1102230246251565404e-16
0.78004444394186067679	0.78004444394186056577	1.1102230246251565404e-16
0.78004444394186067679	0.77931459346473497263	0.00072985047712570416678
0.78004444394186067679	0.78004444394186056577	1.1102230246251565404e-16
0.78004444394186067679	0.78004444394186056577	1.1102230246251565404e-16
0.94736842105263152636
0.81188194504983157707	0.81188194504983146604	1.1102230246251565404e-16
0.81188194504983157707	0.81188194504983146604	1.1102230246251565404e-16
0.81188194504983157707	0.81114805477423213009	0.00073389027559944697288
0.81188194504983157707	0.81188194504983146604	1.1102230246251565404e-16
0.81188194504983157707	0.81188194504983146604	1.1102230246251565404e-16
1
0.84147098480789650488	0.84147098480789650488	0
0.84147098480789650488	0.84147098480789650488	0
0.84147098480789650488	0.84073723866249472358	0.00073374614540178129118
0.84147098480789650488	0.84147098480789650488	0
0.84147098480789650488	0.84147098480789650488	0
1.0526315789473683626
0.86872961803586945528	0.86872961803586956631	-1.1102230246251565404e-16
0.86872961803586945528	0.86872961803586956631	-1.1102230246251565404e-16
0.86872961803586945528	0.86800003588172813807	0.00072958215414131721843
0.86872961803586945528	0.86872961803586956631	-1.1102230246251565404e-16
0.86872961803586945528	0.86872961803586956631	-1.1102230246251565404e-16
1.1052631578947367252
0.89358235348328229897	0.89358235348328229897	0
0.89358235348328229897	0.89358235348328229897	0
0.89358235348328229897	0.89286079243156346585	0.000721561051718833113
0.89358235348328229897	0.89358235348328229897	0
0.89358235348328229897	0.89358235348328229897	0
1.1578947368421053099
0.915960362898153857	0.91596036289815407905	-2.2204460492503130808e-16
0.915960362898153857	0.91596036289815407905	-2.2204460492503130808e-16
0.915960362898153857	0.91525051813161595327	0.00070984476653790373746
0.915960362898153857	0.91596036289815407905	-2.2204460492503130808e-16
0.915960362898153857	0.91596036289815407905	-2.2204460492503130808e-16
1.2105263157894736725
0.935801671642959354	0.935801671642959354	0
0.935801671642959354	0.935801671642959354	0
0.935801671642959354	0.9351070768108710185	0.00069459483208833550094
0.935801671642959354	0.935801671642959354	0
0.935801671642959354	0.935801671642959354	0
1.2631578947368420351
0.95305133032990163588	0.95305133032990163588	0
0.95305133032990163588	0.95305133032990163588	0
0.95305133032990163588	0.95237535758178770706	0.00067597274811392882299
0.95305133032990163588	0.95305133032990163588	0
0.95305133032990163588	0.95305133032990163588	0
1.3157894736842103978
0.96766156700014693826	0.96766156700014671621	2.2204460492503130808e-16
0.96766156700014693826	0.96766156700014671621	2.2204460492503130808e-16
0.96766156700014693826	0.9670074267197699136	0.00065414028037702465213
0.96766156700014693826	0.96766156700014671621	2.2204460492503130808e-16
0.96766156700014693826	0.96766156700014671621	2.2204460492503130808e-16
1.3684210526315787604
0.97959191942557666266	0.97959191942557655164	1.1102230246251565404e-16
0.97959191942557666266	0.97959191942557655164	1.1102230246251565404e-16
0.97959191942557666266	0.97896265972270990474	0.00062925970286675791954
0.97959191942557666266	0.97959191942557655164	1.1102230246251565404e-16
0.97959191942557666266	0.97959191942557655164	1.1102230246251565404e-16
1.421052631578947345
0.98880934716665047635	0.98880934716665036532	1.1102230246251565404e-16
0.98880934716665047635	0.98880934716665036532	1.1102230246251565404e-16
0.98880934716665047635	0.98820785318055737179	0.0006014939860931045601
0.98880934716665047635	0.98880934716665036532	1.1102230246251565404e-16
0.98880934716665047635	0.98880934716665036532	1.1102230246251565404e-16
1.4736842105263157077
0.99528832307604397922	0.9952883230760438682	1.1102230246251565404e-16
0.99528832307604397922	0.9952883230760438682	1.1102230246251565404e-16
0.99528832307604397922	0.99471731614110414643	0.0005710069349398327887
0.99528832307604397922	0.9952883230760438682	1.1102230246251565404e-16
0.99528832307604397922	0.9952883230760438682	1.1102230246251565404e-16
1.5263157894736840703
0.99901090399464609337	0.99901090399464609337	0
0.99901090399464609337	0.99901090399464609337	0
0.99901090399464609337	0.99847294071526004888	0.00053796327938604449059
0.99901090399464609337	0.99901090399464609337	0
0.99901090399464609337	0.99901090399464609337	0
1.578947368421052655
0.9999667804441291219	0.99996678044412923292	-1.1102230246251565404e-16
0.9999667804441291219	0.99996678044412923292	-1.1102230246251565404e-16
0.9999667804441291219	0.99946425172287101102	0.00050252872125811087756
0.9999667804441291219	0.99996678044412923292	-1.1102230246251565404e-16
0.9999667804441291219	0.99996678044412923292	-1.1102230246251565404e-16
1.6315789473684210176
0.99815330517846767577	0.9981533051784677868	-1.1102230246251565404e-16
0.99815330517846767577	0.9981533051784677868	-1.1102230246251565404e-16
0.99815330517846767577	0.99768843523844619181	0.00046486994002148396277
0.99815330517846767577	0.9981533051784677868	-1.1102230246251565404e-16
0.99815330517846767577	0.9981533051784677868	-1.1102230246251565404e-16
1.6842105263157893802
0.99357550051533838342	0.9935755005153382724	1.1102230246251565404e-16
0.99357550051533838342	0.9935755005153382724	1.1102230246251565404e-16
0.99357550051533838342	0.99315034595482454272	0.0004251545605138407069
0.99357550051533838342	0.9935755005153382724	1.1102230246251565404e-16
0.99357550051533838342	0.9935755005153382724	1.1102230246251565404e-16
1.7368421052631577428
0.98624604442709318253	0.9862460444270930715	1.1102230246251565404e-16
0.98624604442709318253	0.9862460444270930715	1.1102230246251565404e-16
0.98624604442709318253	0.9858624933416869629	0.00038355108540621962732
0.98624604442709318253	0.9862460444270930715	1.1102230246251565404e-16
0.98624604442709318253	0.9862460444270930715	1.1102230246251565404e-16
1.7894736842105261054
0.97618523542982893471	0.97618523542982904573	-1.1102230246251565404e-16
0.97618523542982893471	0.97618523542982904573	-1.1102230246251565404e-16
0.97618523542982893471	0.97584500663478168647	0.00034022879504724823363
0.97618523542982893471	0.97618523542982904573	-1.1102230246251565404e-16
0.97618523542982893471	0.97618523542982904573	-1.1102230246251565404e-16
1.8421052631578946901
0.96342093636778913801	0.96342093636778924903	-1.1102230246251565404e-16
0.96342093636778913801	0.96342093636778924903	-1.1102230246251565404e-16
0.96342093636778913801	0.96312557875051019174	0.00029535761727894627171
0.96342093636778913801	0.96342093636778924903	-1.1102230246251565404e-16
0.96342093636778913801	0.96342093636778924903	-1.1102230246251565404e-16
1.8947368421052630527
0.94798849724878553324	0.94798849724878553324	0
0.94798849724878553324	0.94798849724878553324	0
0.94798849724878553324	0.94773938927909262553	0.00024910796969290771585
0.94798849724878553324	0.94798849724878553324	0
0.94798849724878553324	0.94798849724878553324	0
1.9473684210526314153
0.92993065734434088299	0.92993065734434077196	1.1102230246251565404e-16
0.92993065734434088299	0.92993065734434077196	1.1102230246251565404e-16
0.92993065734434088299	0.92972900676760539262	0.0002016505767354903611
0.92993065734434088299	0.92993065734434077196	1.1102230246251565404e-16
0.92993065734434088299	0.92993065734434077196	1.1102230246251565404e-16
2
0.90929742682568170942	0.90929742682568170942	0
0.90929742682568170942	0.90929742682568170942	0
0.90929742682568170942	0.90914427056171276398	0.00015315626396894543859
0.90929742682568170942	0.90929742682568170942	0
0.90929742682568170942	0.90929742682568170942	0
2.0526315789473681406
0.88614594826338510813	0.88614594826338510813	0
0.88614594826338510813	0.88614594826338510813	0
0.88614594826338510813	0.8860421525316516389	0.00010379573173346923198
0.88614594826338510813	0.88614594826338510813	0
0.88614594826338510813	0.88614594826338510813	0
2.1052631578947367252
0.86054033837424404041	0.86054033837424415143	-1.1102230246251565404e-16
0.86054033837424404041	0.86054033837424415143	-1.1102230246251565404e-16
0.86054033837424404041	0.8604865990638519424	5.3739310392098005309e-05
0.86054033837424404041	0.86054033837424415143	-1.1102230246251565404e-16
0.86054033837424404041	0.86054033837424415143	-1.1102230246251565404e-16
2.1578947368421053099
0.83255151045363084972	0.8325515104536307387	1.1102230246251565404e-16
0.83255151045363084972	0.8325515104536307387	1.1102230246251565404e-16
0.83255151045363084972	0.83254835375438140943	3.1566992494402867919e-06
0.83255151045363084972	0.8325515104536307387	1.1102230246251565404e-16
0.83255151045363084972	0.8325515104536307387	1.1102230246251565404e-16
2.2105263157894734505
0.80225697798511597103	0.80225697798511619308	-2.2204460492503130808e-16
0.80225697798511597103	0.80225697798511619308	-2.2204460492503130808e-16
0.80225697798511597103	0.8023047612939177009	-4.7783308801729873494e-05
0.80225697798511597103	0.80225697798511619308	-2.2204460492503130808e-16
0.80225697798511597103	0.80225697798511619308	-2.2204460492503130808e-16
2.2631578947368420351
0.76974063997123787217	0.76974063997123765013	2.2204460492503130808e-16
0.76974063997123787217	0.76974063997123765013	2.2204460492503130808e-16
0.76974063997123787217	0.76983955308617302293	-9.8913114935150758811e-05
0.76974063997123787217	0.76974063997123765013	2.2204460492503130808e-16
0.76974063997123787217	0.76974063997123765013	2.2204460492503130808e-16
2.3157894736842106198
0.73509254857993855392	0.73509254857993855392	0
0.73509254857993855392	0.73509254857993855392	0
0.73509254857993855392	0.73524261519234512807	-0.00015006661240657415135
0.73509254857993855392	0.73509254857993855392	0
0.73509254857993855392	0.73509254857993855392	0
2.3684210526315787604
0.69840865975015309353	0.69840865975015320455	-1.1102230246251565404e-16
0.69840865975015309353	0.69840865975015320455	-1.1102230246251565404e-16
0.69840865975015309353	0.69860973924324309969	-0.00020107949309000616722
0.69840865975015309353	0.69840865975015320455	-1.1102230246251565404e-16
0.69840865975015309353	0.69840865975015320455	-1.1102230246251565404e-16
2.421052631578947345
0.65979056744723618699	0.65979056744723596495	2.2204460492503130808e-16
0.65979056744723618699	0.65979056744723596495	2.2204460492503130808e-16
0.65979056744723618699	0.66004235700793201236	-0.00025178956069582536514
0.65979056744723618699	0.65979056744723596495	2.2204460492503130808e-16
0.65979056744723618699	0.65979056744723596495	2.2204460492503130808e-16
2.4736842105263154856
0.6193452223041956417	0.61934522230419553068	1.1102230246251565404e-16
0.6193452223041956417	0.61934522230419553068	1.1102230246251565404e-16
0.6193452223041956417	0.6196472593531309192	-0.00030203704893527749675
0.6193452223041956417	0.61934522230419553068	1.1102230246251565404e-16
0.6193452223041956417	0.61934522230419553068	1.1102230246251565404e-16
2.5263157894736840703
0.57718463542793163601	0.57718463542793163601	0
0.57718463542793163601	0.57718463542793163601	0
0.57718463542793163601	0.57753630037085967874	-0.00035166494292804273414
0.57718463542793163601	0.57718463542793163601	0
0.57718463542793163601	0.57718463542793163601	0
2.578947368421052655
0.53342556819078257302	0.533425568190782462	1.1102230246251565404e-16
0.53342556819078257302	0.533425568190782462	1.1102230246251565404e-16
0.53342556819078257302	0.53382608749296911466	-0.00040051930218654163696
0.53342556819078257302	0.533425568190782462	1.1102230246251565404e-16
0.53342556819078257302	0.533425568190782462	1.1102230246251565404e-16
2.6315789473684207955
0.48818920886647587665	0.48818920886647582114	5.5511151231257827021e-17
0.48818920886647587665	0.48818920886647582114	5.5511151231257827021e-17
0.48818920886647587665	0.48863765845008327871	-0.00044844958360740205805
0.48818920886647587665	0.48818920886647582114	5.5511151231257827021e-17
0.48818920886647587665	0.48818920886647582114	5.5511151231257827021e-17
2.6842105263157893802
0.44160083700602348333	0.44160083700602342782	5.5511151231257827021e-17
0.44160083700602348333	0.44160083700602342782	5.5511151231257827021e-17
0.44160083700602348333	0.4420961459689328743	-0.00049530896290939097071
0.44160083700602348333	0.44160083700602342782	5.5511151231257827021e-17
0.44160083700602348333	0.44160083700602342782	5.5511151231257827021e-17
2.7368421052631575208
0.39378947648305939744	0.39378947648305928642	1.1102230246251565404e-16
0.39378947648305939744	0.39378947648305928642	1.1102230246251565404e-16
0.39378947648305939744	0.39433043113609683727	-0.00054095465303743983654
0.39378947648305939744	0.39378947648305928642	1.1102230246251565404e-16
0.39378947648305939744	0.39378947648305928642	1.1102230246251565404e-16
2.7894736842105261054
0.34488753816948092279	0.34488753816948103381	-1.1102230246251565404e-16
0.34488753816948092279	0.34488753816948103381	-1.1102230246251565404e-16
0.34488753816948092279	0.34547278638757661362	-0.00058524821809569083086
0.34488753816948092279	0.34488753816948103381	-1.1102230246251565404e-16
0.34488753816948092279	0.34488753816948103381	-1.1102230246251565404e-16
2.8421052631578946901
0.29503045323099419406	0.29503045323099419406	0
0.29503045323099419406	0.29503045323099419406	0
0.29503045323099419406	0.29565850911242702592	-0.00062805588143283186398
0.29503045323099419406	0.29503045323099419406	0
0.29503045323099419406	0.29503045323099419406	0
2.8947368421052628307
0.24435629805812247861	0.24435629805812253412	-5.5511151231257827021e-17
0.24435629805812247861	0.24435629805812253412	-5.5511151231257827021e-17
0.24435629805812247861	0.24502554688467265143	-0.00066924882655017281508
0.24435629805812247861	0.24435629805812253412	-5.5511151231257827021e-17
0.24435629805812247861	0.24435629805812253412	-5.5511151231257827021e-17
2.9473684210526314153
0.19300541187141301291	0.19300541187141301291	0
0.19300541187141301291	0.19300541187141301291	0
0.19300541187141301291	0.19371411536098190331	-0.00070870348956889039904
0.19300541187141301291	0.19300541187141301291	0
0.19300541187141301291	0.19300541187141301291	0
3
0.14112000805986721352	0.14112000805986721352	0
0.14112000805986721352	0.14112000805986721352	0
0.14112000805986721352	0.14186630990190479684	-0.0007463018420375833184
0.14112000805986721352	0.14112000805986721352	0
0.14112000805986721352	0.14112000805986721352	0
3.0526315789473681406
0.088843780328963048443	0.088843780328963048443	0
0.088843780328963048443	0.088843780328963048443	0
0.088843780328963048443	0.089625711991893300401	-0.00078193166293025195834
0.088843780328963048443	0.088843780328963048443	0
0.088843780328963048443	0.088843780328963048443	0
3.1052631578947367252
0.03632150474902424292	0.036321504749024235981	6.9388939039072283776e-18
0.03632150474902424292	0.036321504749024235981	6.9388939039072283776e-18
0.03632150474902424292	0.037136991547759408416	-0.00081548679873516549677
0.03632150474902424292	0.036321504749024235981	6.9388939039072283776e-18
0.03632150474902424292	0.036321504749024235981	6.9388939039072283776e-18
3.1578947368421053099
-0.016301361193955081486	-0.016301361193955081486	0
-0.016301361193955081486	-0.016301361193955081486	0
-0.016301361193955081486	-0.015454493783358827161	-0.00084686741059625432471
-0.016301361193955081486	-0.016301361193955081486	0
-0.016301361193955081486	-0.016301361193955081486	0
3.2105263157894734505
-0.068879081434632116743	-0.068879081434632102865	-1.3877787807814456755e-17
-0.068879081434632116743	-0.068879081434632102865	-1.3877787807814456755e-17
-0.068879081434632116743	-0.068003101227101236947	-0.00087598020753087979529
-0.068879081434632116743	-0.068879081434632102865	-1.3877787807814456755e-17
-0.068879081434632116743	-0.068879081434632102865	-1.3877787807814456755e-17
3.2631578947368420351
-0.12126604493614687175	-0.12126604493614685787	-1.3877787807814456755e-17
-0.12126604493614687175	-0.12126604493614685787	-1.3877787807814456755e-17
-0.12126604493614687175	-0.12036330627134103621	-0.0009027386648058355334
-0.12126604493614687175	-0.12126604493614685787	-1.3877787807814456755e-17
-0.12126604493614687175	-0.12126604493614685787	-1.3877787807814456755e-17
3.3157894736842101757
-0.17331716895168991499	-0.17331716895168991499	0
-0.17331716895168991499	-0.17331716895168991499	0
-0.17331716895168991499	-0.17239010572507354468	-0.00092706322661637030613
-0.17331716895168991499	-0.17331716895168991499	0
-0.17331716895168991499	-0.17331716895168991499	0
3.3684210526315787604
-0.22488830082300723112	-0.22488830082300720337	-2.7755575615628913511e-17
-0.22488830082300723112	-0.22488830082300720337	-2.7755575615628913511e-17
-0.22488830082300723112	-0.22393941933073047146	-0.0009488814922767596638
-0.22488830082300723112	-0.22488830082300720337	-2.7755575615628913511e-17
-0.22488830082300723112	-0.22488830082300720337	-2.7755575615628913511e-17
3.421052631578947345
-0.2758366172030704	-0.2758366172030704	0
-0.2758366172030704	-0.2758366172030704	0
-0.2758366172030704	-0.27486848881788006338	-0.00096812838519033661555
-0.2758366172030704	-0.2758366172030704	0
-0.2758366172030704	-0.2758366172030704	0
3.4736842105263154856
-0.32602101959729890002	-0.32602101959729890002	0
-0.32602101959729890002	-0.32602101959729890002	0
-0.32602101959729890002	-0.32503627329336243212	-0.00098474630393646789273
-0.32602101959729890002	-0.32602101959729890002	0
-0.32602101959729890002	-0.32602101959729890002	0
3.5263157894736840703
-0.37530252512790007735	-0.37530252512790002184	-5.5511151231257827021e-17
-0.37530252512790007735	-0.37530252512790002184	-5.5511151231257827021e-17
-0.37530252512790007735	-0.37430383987302817683	-0.00099868525487190051848
-0.37530252512790007735	-0.37530252512790002184	-5.5511151231257827021e-17
-0.37530252512790007735	-0.37530252512790002184	-5.5511151231257827021e-17
3.5789473684210522109
-0.42354465143912384262	-0.42354465143912384262	0
-0.42354465143912384262	-0.42354465143912384262	0
-0.42354465143912384262	-0.42253474847341343512	-0.0010099029657104074964
-0.42354465143912384262	-0.42354465143912384262	0
-0.42354465143912384262	-0.42354465143912384262	0
3.6315789473684207955
-0.47061379467746811134	-0.47061379467746800032	-1.1102230246251565404e-16
-0.47061379467746811134	-0.47061379467746800032	-1.1102230246251565404e-16
-0.47061379467746811134	-0.46959542969785605937	-0.0010183649796120519682
-0.47061379467746811134	-0.47061379467746800032	-1.1102230246251565404e-16
-0.47061379467746811134	-0.47061379467746800032	-1.1102230246251565404e-16
3.6842105263157893802
-0.51637959950002843001	-0.51637959950002843001	0
-0.51637959950002843001	-0.51637959950002843001	0
-0.51637959950002843001	-0.51535555477065286833	-0.0010240447293755616798
-0.51637959950002843001	-0.51637959950002843001	0
-0.51637959950002843001	-0.51637959950002843001	0
3.7368421052631575208
-0.56071532008628410804	-0.56071532008628421906	1.1102230246251565404e-16
-0.56071532008628410804	-0.56071532008628421906	1.1102230246251565404e-16
-0.56071532008628410804	-0.55968839649489088295	-0.0010269235913932250881
-0.56071532008628410804	-0.56071532008628421906	1.1102230246251565404e-16
-0.56071532008628410804	-0.56071532008628421906	1.1102230246251565404e-16
3.7894736842105261054
-0.60349817115351578334	-0.60349817115351578334	0
-0.60349817115351578334	-0.60349817115351578334	0
-0.60349817115351578334	-0.60247118023441104118	-0.0010269909191047421615
-0.60349817115351578334	-0.60349817115351578334	0
-0.60349817115351578334	-0.60349817115351578334	0
3.8421052631578946901
-0.64460966800373220575	-0.64460966800373231678	1.1102230246251565404e-16
-0.64460966800373220575	-0.64460966800373231678	1.1102230246251565404e-16
-0.64460966800373220575	-0.64358542394799544972	-0.0010242440557367560316
-0.64460966800373220575	-0.64460966800373231678	1.1102230246251565404e-16
-0.64460966800373220575	-0.64460966800373231678	1.1102230246251565404e-16
3.8947368421052628307
-0.68393595466037360175	-0.68393595466037349073	-1.1102230246251565404e-16
-0.68393595466037360175	-0.68393595466037349073	-1.1102230246251565404e-16
-0.68393595466037360175	-0.68291726633419269632	-0.0010186883261809054346
-0.68393595466037360175	-0.68393595466037349073	-1.1102230246251565404e-16
-0.68393595466037360175	-0.68393595466037349073	-1.1102230246251565404e-16
3.9473684210526314153
-0.72136811918603183091	-0.72136811918603183091	0
-0.72136811918603183091	-0.72136811918603183091	0
-0.72136811918603183091	-0.72035778217807355794	-0.0010103370079582729701
-0.72136811918603183091	-0.72136811918603183091	0
-0.72136811918603183091	-0.72136811918603183091	0
4
-0.75680249530792820245	-0.75680249530792798041	-2.2204460492503130808e-16
-0.75680249530792820245	-0.75680249530792798041	-2.2204460492503130808e-16
-0.75680249530792820245	-0.75580328402669283427	-0.00099921128123536817611
-0.75680249530792820245	-0.75680249530792798041	-2.2204460492503130808e-16
-0.75680249530792820245	-0.75680249530792798041	-2.2204460492503130808e-16
4.0526315789473681406
-0.79014094951582269921	-0.79014094951582269921	0
-0.79014094951582269921	-0.79014094951582269921	0
-0.79014094951582269921	-0.78915560935785966645	-0.00098534015796303275891
-0.79014094951582269921	-0.79014094951582269921	0
-0.79014094951582269921	-0.79014094951582269921	0
4.1052631578947362812
-0.82129115283724707375	-0.82129115283724696273	-1.1102230246251565404e-16
-0.82129115283724707375	-0.82129115283724696273	-1.1102230246251565404e-16
-0.82129115283724707375	-0.82032239244699334257	-0.00096876039025373117397
-0.82129115283724707375	-0.82129115283724696273	-1.1102230246251565404e-16
-0.82129115283724707375	-0.82129115283724696273	-1.1102230246251565404e-16
4.1578947368421053099
-0.85016683653739755222	-0.85016683653739733018	-2.2204460492503130808e-16
-0.85016683653739755222	-0.85016683653739733018	-2.2204460492503130808e-16
-0.85016683653739755222	-0.84921732017921447433	-0.00094951635818307789094
-0.85016683653739755222	-0.85016683653739733018	-2.2204460492503130808e-16
-0.85016683653739755222	-0.85016683653739733018	-2.2204460492503130808e-16
4.2105263157894734505
-0.87668803103553827327	-0.87668803103553838429	1.1102230246251565404e-16
-0.87668803103553827327	-0.87668803103553838429	1.1102230246251565404e-16
-0.87668803103553827327	-0.87576037109828086535	-0.00092765993725740791831
-0.87668803103553827327	-0.87668803103553838429	1.1102230246251565404e-16
-0.87668803103553827327	-0.87668803103553838429	1.1102230246251565404e-16
4.2631578947368415911
-0.90078128737625684508	-0.90078128737625662303	-2.2204460492503130808e-16
-0.90078128737625684508	-0.90078128737625662303	-2.2204460492503130808e-16
-0.90078128737625684508	-0.89987803703040813996	-0.00090325034584870511623
-0.90078128737625684508	-0.90078128737625662303	-2.2204460492503130808e-16
-0.90078128737625684508	-0.90078128737625662303	-2.2204460492503130808e-16
4.3157894736842106198
-0.92237988064221099194	-0.92237988064221076989	-2.2204460492503130808e-16
-0.92237988064221099194	-0.92237988064221076989	-2.2204460492503130808e-16
-0.92237988064221099194	-0.92150352666922741296	-0.00087635397298357897711
-0.92237988064221099194	-0.92237988064221076989	-2.2204460492503130808e-16
-0.92237988064221099194	-0.92237988064221076989	-2.2204460492503130808e-16
4.3684210526315787604
-0.94142399474503035695	-0.94142399474503024592	-1.1102230246251565404e-16
-0.94142399474503035695	-0.94142399474503024592	-1.1102230246251565404e-16
-0.94142399474503035695	-0.94057695055814072305	-0.00084704418688963389883
-0.94142399474503035695	-0.94142399474503024592	-1.1102230246251565404e-16
-0.94142399474503035695	-0.94142399474503024592	-1.1102230246251565404e-16
4.421052631578946901
-0.95786088808260860805	-0.95786088808260860805	0
-0.95786088808260860805	-0.95786088808260860805	0
-0.95786088808260860805	-0.95704548695782098999	-0.00081540112478761805903
-0.95786088808260860805	-0.95786088808260860805	0
-0.95786088808260860805	-0.95786088808260860805	0
4.4736842105263159297
-0.97164503960400083749	-0.97164503960400072646	-1.1102230246251565404e-16
-0.97164503960400083749	-0.97164503960400072646	-1.1102230246251565404e-16
-0.97164503960400083749	-0.97086352813952281338	-0.00078151146447802410933
-0.97164503960400083749	-0.97164503960400072646	-1.1102230246251565404e-16
-0.97164503960400083749	-0.97164503960400072646	-1.1102230246251565404e-16
4.5263157894736840703
-0.98273827487741138853	-0.98273827487741161057	2.2204460492503130808e-16
-0.98273827487741138853	-0.98273827487741161057	2.2204460492503130808e-16
-0.98273827487741138853	-0.9819928066991001625	-0.00074546817831122602627
-0.98273827487741138853	-0.98273827487741161057	2.2204460492503130808e-16
-0.98273827487741138853	-0.98273827487741161057	2.2204460492503130808e-16
4.5789473684210522109
-0.99110987181213516806	-0.99110987181213527908	1.1102230246251565404e-16
-0.99110987181213516806	-0.99110987181213527908	1.1102230246251565404e-16
-0.99110987181213516806	-0.99040250154197317922	-0.00070737027016198883445
-0.99110987181213516806	-0.99110987181213527908	1.1102230246251565404e-16
-0.99110987181213516806	-0.99110987181213527908	1.1102230246251565404e-16
4.6315789473684212396
-0.99673664574165843355	-0.99673664574165854457	1.1102230246251565404e-16
-0.99673664574165843355	-0.99673664574165854457	1.1102230246251565404e-16
-0.99673664574165843355	-0.996069323245516558	-0.00066732249614187555409
-0.99673664574165843355	-0.99673664574165854457	1.1102230246251565404e-16
-0.99673664574165843355	-0.99673664574165854457	1.1102230246251565404e-16
4.6842105263157893802
-0.99960301363228709626	-0.9996030136322873183	2.2204460492503130808e-16
-0.99960301363228709626	-0.9996030136322873183	2.2204460492503130808e-16
-0.99960301363228709626	-0.99897757856252855646	-0.00062543506975853979668
-0.99960301363228709626	-0.9996030136322873183	2.2204460492503130808e-16
-0.99960301363228709626	-0.9996030136322873183	2.2204460492503130808e-16
4.7368421052631575208
-0.99970103723948211538	-0.99970103723948211538	0
-0.99970103723948211538	-0.99970103723948211538	0
-0.99970103723948211538	-0.99911921388716040671	-0.00058182335232170867556
-0.99970103723948211538	-0.99970103723948211538	0
-0.99970103723948211538	-0.99970103723948211538	0
4.7894736842105256613
-0.99703044509238059057	-0.99703044509238059057	0
-0.99703044509238059057	-0.99703044509238059057	0
-0.99703044509238059057	-0.99649383756295639714	-0.00053660752942419343015
-0.99703044509238059057	-0.99703044509238059057	0
-0.99703044509238059057	-0.99703044509238059057	0
4.8421052631578946901
-0.99159863324561914322	-0.99159863324561914322	0
-0.99159863324561914322	-0.99159863324561914322	0
-0.99159863324561914322	-0.99110872097124635971	-0.0004899122743727835072
-0.99159863324561914322	-0.99159863324561914322	0
-0.99159863324561914322	-0.99159863324561914322	0
4.8947368421052628307
-0.98342064479637714136	-0.98342064479637725238	1.1102230246251565404e-16
-0.98342064479637714136	-0.98342064479637725238	1.1102230246251565404e-16
-0.98342064479637714136	-0.98297877839690306345	-0.00044186639947407790885
-0.98342064479637714136	-0.98342064479637725238	1.1102230246251565404e-16
-0.98342064479637714136	-0.98342064479637725238	1.1102230246251565404e-16
4.9473684210526309712
-0.97251912822336528119	-0.97251912822336528119	0
-0.97251912822336528119	-0.97251912822336528119	0
-0.97251912822336528119	-0.97212652572725677391	-0.00039260249610850728175
-0.97251912822336528119	-0.97251912822336528119	0
-0.97251912822336528119	-0.97251912822336528119	0
5
-0.95892427466313845397	-0.95892427466313834294	-1.1102230246251565404e-16
-0.95892427466313845397	-0.95892427466313834294	-1.1102230246251565404e-16
-0.95892427466313845397	-0.95858201809854182152	-0.00034225656459663245101
-0.95892427466313845397	-0.95892427466313834294	-1.1102230246251565404e-16
-0.95892427466313845397	-0.95892427466313834294	-1.1102230246251565404e-16
