2
0	0 0
4	3.9999999999999995559 4.4408920985006261617e-16
16	15.999999999999998224 1.7763568394002504647e-15
4	3.9999999999999995559 4.4408920985006261617e-16
8	8 0
20	20 0
16	15.999999999999998224 1.7763568394002504647e-15
20	20 0
32	31.999999999999996447 3.5527136788005009294e-15
3
0	0 0
4	3.9999999999999995559 4.4408920985006261617e-16
16	15.999999999999998224 1.7763568394002504647e-15
4	3.9999999999999995559 4.4408920985006261617e-16
8	8 0
20	20 0
16	15.999999999999998224 1.7763568394002504647e-15
20	20 0
32	31.999999999999996447 3.5527136788005009294e-15
4
0	0 0
4	3.9999999999999995559 4.4408920985006261617e-16
16	15.999999999999998224 1.7763568394002504647e-15
4	3.9999999999999995559 4.4408920985006261617e-16
8	8 0
20	20 0
16	15.999999999999998224 1.7763568394002504647e-15
20	20 0
32	31.999999999999996447 3.5527136788005009294e-15
