0.5
0.25	0.25000000000000011102 -1.1102230246251565404e-16
4.25	4.2499999999999991118 8.8817841970012523234e-16
16.25	16.25 0
2.25	2.5316246919071172528 -0.28162469190711725275
10.25	10.531624691907117253 -0.28162469190711725275
4.25	4.2499999999999991118 8.8817841970012523234e-16
8.25	7.950839495190962225 0.29916050480903777498
20.25	20.249999999999996447 3.5527136788005009294e-15
10.25	10.477947035822159805 -0.22794703582215980475
18.25	18.477947035822175792 -0.22794703582217579196
16.25	16.25 0
20.25	21.323553121699003299 -1.0735531216990032988
32.25	32.250000000000007105 -7.1054273576010018587e-15
0.75
0.5625	0.56250000000000044409 -4.4408920985006261617e-16
4.5625	4.5625000000000017764 -1.7763568394002504647e-15
16.5625	16.562499999999996447 3.5527136788005009294e-15
2.5625	3.0175526792194475867 -0.45505267921944758669
10.5625	11.017552679219445366 -0.45505267921944536624
4.5625	4.5625000000000017764 -1.7763568394002504647e-15
8.5625	8.1041328002221071358 0.45836719977789286418
20.5625	20.562499999999982236 1.7763568394002504647e-14
10.5625	11.086419118372685233 -0.523919118372685233
18.5625	19.086419118372692338 -0.52391911837269233843
16.5625	16.562499999999996447 3.5527136788005009294e-15
20.5625	22.620541206371925114 -2.0580412063719251137
32.5625	32.562500000000007105 -7.1054273576010018587e-15
1
1	0.99999999999999944489 5.5511151231257827021e-16
5	5.0000000000000017764 -1.7763568394002504647e-15
17	16.999999999999996447 3.5527136788005009294e-15
3	3.5202768037162188719 -0.5202768037162188719
11	11.520276803716207326 -0.52027680371620732558
5	5.0000000000000017764 -1.7763568394002504647e-15
9	8.5478330645891595907 0.4521669354108404093
21	20.999999999999996447 3.5527136788005009294e-15
11	11.807757465856646206 -0.80775746585664620625
19	19.807757465856646206 -0.80775746585664620625
17	16.999999999999996447 3.5527136788005009294e-15
21	23.725572111771651151 -2.7255721117716511515
33	32.999999999999985789 1.4210854715202003717e-14
1.25
1.5625	1.562500000000000222 -2.2204460492503130808e-16
5.5625	5.5625000000000008882 -8.8817841970012523234e-16
17.5625	17.562499999999985789 1.4210854715202003717e-14
3.5625	4.1042580693203118969 -0.54175806932031189689
11.5625	12.10425806932030568 -0.54175806932030567964
5.5625	5.5625000000000008882 -8.8817841970012523234e-16
9.5625	9.214589547643317502 0.34791045235668249802
21.5625	21.562500000000010658 -1.0658141036401502788e-14
11.5625	12.607093826269569092 -1.0445938262695690923
19.5625	20.607093826269572645 -1.0445938262695726451
17.5625	17.562499999999985789 1.4210854715202003717e-14
21.5625	24.674256939363381491 -3.1117569393633814911
33.5625	33.5625 0
1.5
2.25	2.2500000000000004441 -4.4408920985006261617e-16
6.25	6.2500000000000008882 -8.8817841970012523234e-16
18.25	18.250000000000003553 -3.5527136788005009294e-15
4.25	4.8092482419700264273 -0.55924824197002642734
12.25	12.809248241970022875 -0.55924824197002287463
6.25	6.2500000000000008882 -8.8817841970012523234e-16
10.25	10.045915514177046646 0.20408448582295335427
22.25	22.249999999999992895 7.1054273576010018587e-15
12.25	13.475626428188576256 -1.2256264281885762557
20.25	21.475626428188583361 -1.2256264281885833611
18.25	18.250000000000003553 -3.5527136788005009294e-15
22.25	25.539341383937294694 -3.2893413839372946939
34.25	34.250000000000021316 -2.1316282072803005576e-14
1.75
3.0625	3.0625 0
7.0625	7.0625000000000008882 -8.8817841970012523234e-16
19.0625	19.0625 0
5.0625	5.6475212163728976122 -0.58502121637289761225
13.0625	13.647521216372897612 -0.58502121637289761225
7.0625	7.0625000000000008882 -8.8817841970012523234e-16
11.0625	11.007921109179466868 0.054578890820533132455
23.0625	23.062500000000003553 -3.5527136788005009294e-15
13.0625	14.416682614611353586 -1.3541826146113535856
21.0625	22.416682614611371349 -1.3541826146113713492
19.0625	19.0625 0
23.0625	26.375588583316332603 -3.3130885833163326026
35.0625	35.062500000000014211 -1.4210854715202003717e-14
2
4	4.0000000000000008882 -8.8817841970012523234e-16
8	8.0000000000000017764 -1.7763568394002504647e-15
20	19.999999999999992895 7.1054273576010018587e-15
6	6.6179056472550268353 -0.6179056472550268353
14	14.617905647255025059 -0.61790564725502505894
8	8.0000000000000017764 -1.7763568394002504647e-15
12	12.08433580485982084 -0.084335804859820839852
24	24 0
14	15.43726605707336752 -1.43726605707336752
22	23.437266057073394165 -1.4372660570733941654
20	19.999999999999992895 7.1054273576010018587e-15
24	27.216874379902325387 -3.2168743799023253871
36	36 0
2.25
5.0625	5.0625 0
9.0625	9.0625000000000035527 -3.5527136788005009294e-15
21.0625	21.062499999999996447 3.5527136788005009294e-15
7.0625	7.7157904794468148424 -0.65329047944681484239
15.0625	15.715790479446809513 -0.65329047944680951332
9.0625	9.0625000000000035527 -3.5527136788005009294e-15
13.0625	13.268351345245683603 -0.20585134524568360348
25.0625	25.062500000000003553 -3.5527136788005009294e-15
15.0625	16.544128000295938108 -1.4816280002959381079
23.0625	24.544128000295952319 -1.4816280002959523188
21.0625	21.062499999999996447 3.5527136788005009294e-15
25.0625	28.083279483450009906 -3.0207794834500099057
37.0625	37.062499999999985789 1.4210854715202003717e-14
2.5
6.25	6.2500000000000017764 -1.7763568394002504647e-15
10.25	10.250000000000001776 -1.7763568394002504647e-15
22.25	22.250000000000007105 -7.1054273576010018587e-15
8.25	8.9372904555975374308 -0.68729045559753743078
16.25	16.937290455597526773 -0.68729045559752677264
10.25	10.250000000000001776 -1.7763568394002504647e-15
14.25	14.557618879634425468 -0.30761887963442546834
26.25	26.250000000000003553 -3.5527136788005009294e-15
16.25	17.742550825537019676 -1.4925508255370196764
24.25	25.742550825537026782 -1.4925508255370267818
22.25	22.250000000000007105 -7.1054273576010018587e-15
26.25	28.986994849420618436 -2.7369948494206184364
38.25	38.249999999999992895 7.1054273576010018587e-15
2.75
7.5625	7.5625000000000017764 -1.7763568394002504647e-15
11.5625	11.562499999999998224 1.7763568394002504647e-15
23.5625	23.562499999999996447 3.5527136788005009294e-15
9.5625	10.280108030516432294 -0.71760803051643229367
17.5625	18.280108030516430517 -0.71760803051643051731
11.5625	11.562499999999998224 1.7763568394002504647e-15
15.5625	15.951782268070077819 -0.38928226807007781929
27.5625	27.5625 0
17.5625	19.036345249362732091 -1.4738452493627320905
25.5625	27.036345249362742749 -1.4738452493627427486
23.5625	23.562499999999996447 3.5527136788005009294e-15
27.5625	29.93577137294175472 -2.3732713729417547199
39.5625	39.562499999999992895 7.1054273576010018587e-15
3
9	9.0000000000000017764 -1.7763568394002504647e-15
13	12.999999999999998224 1.7763568394002504647e-15
25	24.999999999999996447 3.5527136788005009294e-15
11	11.743202211746332608 -0.7432022117463326083
19	19.743202211746325503 -0.74320221174632550287
13	12.999999999999998224 1.7763568394002504647e-15
17	17.451365956925339873 -0.4513659569253398729
29	28.999999999999982236 1.7763568394002504647e-14
19	20.428206883022884455 -1.4282068830228844547
27	28.428206883022873797 -1.4282068830228737966
25	24.999999999999996447 3.5527136788005009294e-15
29	30.934751238598316547 -1.9347512385983165473
41	41.000000000000007105 -7.1054273576010018587e-15
3.25
10.5625	10.562499999999994671 5.329070518200751394e-15
14.5625	14.562499999999994671 5.329070518200751394e-15
26.5625	26.562500000000003553 -3.5527136788005009294e-15
12.5625	13.326277405139325793 -0.76377740513932579347
20.5625	21.326277405139322241 -0.76377740513932224076
14.5625	14.562499999999994671 5.329070518200751394e-15
18.5625	19.057270056053646101 -0.49477005605364610119
30.5625	30.562500000000003553 -3.5527136788005009294e-15
20.5625	21.92007241945283269 -1.3575724194528326905
28.5625	29.920072419452825585 -1.357572419452825585
26.5625	26.562500000000003553 -3.5527136788005009294e-15
30.5625	31.98745916022085467 -1.4249591602208546703
42.5625	42.562500000000014211 -1.4210854715202003717e-14
3.5
12.25	12.250000000000001776 -1.7763568394002504647e-15
16.25	16.249999999999996447 3.5527136788005009294e-15
28.25	28.250000000000003553 -3.5527136788005009294e-15
14.25	15.029407706918465948 -0.77940770691846594787
22.25	23.029407706918465948 -0.77940770691846594787
16.25	16.249999999999996447 3.5527136788005009294e-15
20.25	20.770523097497111564 -0.52052309749711156428
32.25	32.249999999999992895 7.1054273576010018587e-15
22.25	23.513378123671966335 -1.2633781236719663355
30.25	31.513378123671966335 -1.2633781236719663355
28.25	28.250000000000003553 -3.5527136788005009294e-15
32.25	33.096378611125246039 -0.84637861112524603868
44.25	44.25 0
3.75
14.0625	14.062499999999996447 3.5527136788005009294e-15
18.0625	18.062500000000010658 -1.0658141036401502788e-14
30.0625	30.062499999999985789 1.4210854715202003717e-14
16.0625	16.852820860080182541 -0.7903208600801825412
24.0625	24.852820860080175436 -0.79032086008017543577
18.0625	18.062500000000010658 -1.0658141036401502788e-14
22.0625	22.592152155802647684 -0.52965215580264768391
34.0625	34.0625 0
24.0625	25.209225523757549325 -1.1467255237575493254
32.0625	33.209225523757567089 -1.146725523757567089
30.0625	30.062499999999985789 1.4210854715202003717e-14
34.0625	34.263308621534761755 -0.20080862153476175536
46.0625	46.062499999999992895 7.1054273576010018587e-15
4
16	15.999999999999998224 1.7763568394002504647e-15
20	20 0
32	31.999999999999996447 3.5527136788005009294e-15
18	18.796790330431569771 -0.79679033043156977101
26	26.796790330431548455 -0.79679033043154845473
20	20 0
24	24.523115184024614877 -0.52311518402461487653
36	36.000000000000007105 -7.1054273576010018587e-15
26	27.008483218950821936 -1.0084832189508219358
34	35.00848321895081483 -1.0084832189508148304
32	31.999999999999996447 3.5527136788005009294e-15
36	35.489591056452489681 0.51040894354751031869
48	47.999999999999985789 1.4210854715202003717e-14
4.25
18.0625	18.062499999999996447 3.5527136788005009294e-15
22.0625	22.062499999999989342 1.0658141036401502788e-14
34.0625	34.062499999999971578 2.8421709430404007435e-14
20.0625	20.861586679448048898 -0.79908667944804889771
28.0625	28.86158667944805245 -0.79908667944805245043
22.0625	22.062499999999989342 1.0658141036401502788e-14
26.0625	26.564270171252285735 -0.50177017125228573491
38.0625	38.062500000000007105 -7.1054273576010018587e-15
28.0625	28.911850044185904096 -0.84935004418590409614
36.0625	36.911850044185904096 -0.84935004418590409614
34.0625	34.062499999999971578 2.8421709430404007435e-14
38.0625	36.776255871116902085 1.2862441288830979147
50.0625	50.0625 0
4.5
20.25	20.25 0
24.25	24.250000000000010658 -1.0658141036401502788e-14
36.25	36.249999999999992895 7.1054273576010018587e-15
22.25	23.047457905414926671 -0.79745790541492667103
30.25	31.047457905414923118 -0.79745790541492311831
24.25	24.250000000000010658 -1.0658141036401502788e-14
28.25	28.716366275461876256 -0.46636627546187625626
40.25	40.25 0
30.25	30.919895953221899987 -0.66989595322189998683
38.25	38.919895953221896434 -0.66989595322189643412
36.25	36.249999999999992895 7.1054273576010018587e-15
40.25	38.12411375360392185 2.1258862463960781497
52.25	52.250000000000014211 -1.4210854715202003717e-14
4.75
22.5625	22.562499999999992895 7.1054273576010018587e-15
26.5625	26.5625 0
38.5625	38.562500000000014211 -1.4210854715202003717e-14
24.5625	25.354623042666002419 -0.79212304266600241931
32.5625	33.35462304266597755 -0.79212304266597755031
26.5625	26.5625 0
30.5625	30.980047179455063144 -0.41754717945506314436
42.5625	42.562499999999992895 7.1054273576010018587e-15
32.5625	33.033089983777195187 -0.47058998377719518658
40.5625	41.033089983777202292 -0.470589983777202292
38.5625	38.562500000000014211 -1.4210854715202003717e-14
42.5625	39.533815627035046703 3.0286843729649532975
54.5625	54.562500000000007105 -7.1054273576010018587e-15
5
25	25.000000000000007105 -7.1054273576010018587e-15
29	29 0
41	41.000000000000007105 -7.1054273576010018587e-15
27	27.783271622831037462 -0.78327162283103746176
35	35.783271622831023251 -0.78327162283102325091
29	29 0
33	33.355860380067163362 -0.35586038006716336213
45	44.999999999999985789 1.4210854715202003717e-14
35	35.251820417010257813 -0.25182041701025781322
43	43.251820417010264919 -0.25182041701026491864
41	41.000000000000007105 -7.1054273576010018587e-15
45	41.005891737503176842 3.9941082624968231585
57	56.999999999999985789 1.4210854715202003717e-14
