2
8	7.9901600218712633961 0.0098399781287366039351
12	11.985240032806895982 0.014759967193104017724
24	23.970480065613791965 0.029519934386208035448
10	11.458590416587243865 -1.4585904165872438654
18	19.455744201541818938 -1.4557442015418189385
12	11.985240032806895982 0.014759967193104017724
16	18.219646812022041615 -2.2196468120220416154
28	27.965560076549422774 0.034439923450577225594
18	16.278395969451921133 1.7216040305480788675
26	24.275549754406487324 1.7244502455935126761
24	23.970480065613791965 0.029519934386208035448
28	1.5504363735320412539e-47 28
40	39.950800109356322309 0.049199890643677690605
3
27	7.0933802948429454105 19.906619705157055478
31	8.1442514496344902142 22.855748550365511562
43	11.296864914009132619 31.703135085990865605
29	22.984141402435195545 6.0158585975648044553
37	28.007878596601369026 8.9921214033986309744
31	8.1442514496344902142 22.855748550365511562
35	38.441186737628541437 -3.4411867376285414366
47	12.347736068800680087 34.652263931199321689
37	23.318611943616296855 13.681388056383703145
45	28.342349137782463231 16.657650862217536769
43	11.296864914009132619 31.703135085990865605
47	-6.4621917829833867277e-66 47
59	15.500349533175318939 43.499650466824682837
4
64	59.831322355664951829 4.1686776443350481713
68	63.570780002893997107 4.4292199971060028929
80	74.789152944581189786 5.2108470554188102142
66	56.901909031852234477 9.0980909681477655226
74	61.390597475742119116 12.609402524257880884
68	63.570780002893997107 4.4292199971060028929
72	63.600187558272452293 8.3998124417275477072
84	78.528610591810249275 5.4713894081897507249
74	50.656214125935498771 23.343785874064501229
82	55.144902569825376304 26.855097430174623696
80	74.789152944581189786 5.2108470554188102142
84	-5.1732298065489651183e-66 84
96	89.746983533497427743 6.253016466502572257
